2250.0
1497.5
1166.66666667
2200.0
1500.0
1666.66666667
1666.66666667
2595.0
2595.0
1995.0
1699
1795.0
1375.0
1372.5
1500.0
750
2495.0
2495.0
2495.0
2495.0
2195.0
2495.0
2799.0
1600.0
1622.5
2799.0
1747.5
725
1397.5
2195.0
1397.5
1322.5
2195.0
1397.5
1333.33333333
800
2000.0
1980.0
3960.0
3960.0
1000
2200.0
1550.0
2350.0
2495.0
1622.5
1900.0
1425.0
1833.33333333
2095.0
2395.0
800
1795.0
1233.33333333
1347.5
1475.0
1316
1050.0
1640.0
1550.0
1400.0
2600.0
860
1375.0
1347.5
1347.5
1347.5
1622.5
1833.33333333
1700.0
1650.0
1833.33333333
1000.0
2850.0
2495.0
2495.0
1348.33333333
2100.0
2400.0
2850.0
2850.0
1175.0
1100.0
1550.0
1125.0
1400.0
1850.0
1850.0
2800.0
2000.0
1450.0
1750.0
2545.0
1000.0
1650.0
2150.0
2300.0
1550.0
2100.0
1200.0
1200.0
2150.0
1650
2100.0
2545.0
2999
2795.0
2995.0
2995.0
2100.0
2105.0
2105.0
1625.0
1550.0
975
2100.0
1400.0
2000.0
2053.0
1215.0
2600.0
1150.0
1416.66666667
2071.5
1392.0
1500.0
1950.0
1950.0
1830.0
2080.0
2105.0
1331.66666667
1399.5
800
1120.0
1800.0
1797.5
2247.5
1697.5
1747.5
3395.0
2100.0
2300.0
2152.5
1795.0
2107.5
2080.0
2107.5
1187.5
1500.0
1747.5
600
2195.0
1895.0
2085.0
1650.0
2300.0
2195.0
2395.0
650
1750
1995.0
2200.0
850
1497.5
850
2195.0
1995.0
1473.75
1750
2195.0
1995.0
1473.75
1400.0
1325.0
1000.0
2395.0
2195.0
1995.0
1500.0
2495.0
1500.0
2000.0
1353.33333333
1900.0
1900.0
965
1075.0
1950.0
1297.5
1447.5
1730.0
1000.0
950
1625.0
1583.33333333
1800.0
2250.0
1875.0
2125.0
1250.0
1072.5
1197.5
3100.0
1800.0
1050.0
2095.0
1166.66666667
1166.66666667
1200.0
1297.5
2600.0
1000.0
1475.0
2300.0
3300
1422.5
2565
1000.0
2100.0
1895
2600.0
1897.5
1400.0
1250.0
1297.5
1699
1895.0
